image: /home/husky_ws/src/husky_gym/maps/20mx5m_room.pgm
resolution: 0.050000
origin: [-100.000000, -100.000000, 0.000000]
negate: 0
occupied_thresh: 0.65
free_thresh: 0.196

